 1.0000000     0.0000000
 0.9928006     0.0007627
 0.9798895     0.0021139
 0.9635184     0.0037972
 0.9445469     0.0057072
 0.9234998     0.0077768
 0.9007495     0.0099575
 0.8765830     0.0122120
 0.8512328     0.0145105
 0.8248944     0.0168282
 0.7977362     0.0191445
 0.7699063     0.0214413
 0.7415373     0.0237026
 0.7127487     0.0259137
 0.6836500     0.0280613
 0.6543419     0.0301322
 0.6249182     0.0321141
 0.5954661     0.0339947
 0.5660677     0.0357621
 0.5368005     0.0374043
 0.5077378     0.0389098
 0.4789491     0.0402671
 0.4505011     0.0414652
 0.4224571     0.0424934
 0.3948782     0.0433419
 0.3678229     0.0440013
 0.3413476     0.0444634
 0.3155065     0.0447209
 0.2903524     0.0447677
 0.2659361     0.0445991
 0.2423068     0.0442115
 0.2195125     0.0436030
 0.1975998     0.0427733
 0.1766138     0.0417233
 0.1565988     0.0404557
 0.1375977     0.0389744
 0.1196525     0.0372846
 0.1028043     0.0353930
 0.0870931     0.0333070
 0.0725582     0.0310349
 0.0592379     0.0285857
 0.0471700     0.0259687
 0.0363913     0.0231933
 0.0269381     0.0202687
 0.0188458     0.0172035
 0.0121494     0.0140056
 0.0068832     0.0106817
 0.0030809     0.0072374
 0.0007756     0.0036762
 0.0000000     0.0000000
 0.0007756    -0.0036762
 0.0030809    -0.0072374
 0.0068832    -0.0106817
 0.0121494    -0.0140056
 0.0188458    -0.0172035
 0.0269381    -0.0202687
 0.0363913    -0.0231933
 0.0471700    -0.0259687
 0.0592379    -0.0285857
 0.0725582    -0.0310349
 0.0870931    -0.0333070
 0.1028043    -0.0353930
 0.1196525    -0.0372846
 0.1375977    -0.0389744
 0.1565988    -0.0404557
 0.1766138    -0.0417233
 0.1975998    -0.0427733
 0.2195125    -0.0436030
 0.2423068    -0.0442115
 0.2659361    -0.0445991
 0.2903524    -0.0447677
 0.3155065    -0.0447209
 0.3413476    -0.0444634
 0.3678229    -0.0440013
 0.3948782    -0.0433419
 0.4224571    -0.0424934
 0.4505011    -0.0414652
 0.4789491    -0.0402671
 0.5077378    -0.0389098
 0.5368005    -0.0374043
 0.5660677    -0.0357621
 0.5954661    -0.0339947
 0.6249182    -0.0321141
 0.6543419    -0.0301322
 0.6836500    -0.0280613
 0.7127487    -0.0259137
 0.7415373    -0.0237026
 0.7699063    -0.0214413
 0.7977362    -0.0191445
 0.8248944    -0.0168282
 0.8512328    -0.0145105
 0.8765830    -0.0122120
 0.9007495    -0.0099575
 0.9234998    -0.0077768
 0.9445469    -0.0057072
 0.9635184    -0.0037972
 0.9798895    -0.0021139
 0.9928006    -0.0007627
 1.0000000     0.0000000
